{
 "cells": [
  {
   "cell_type": "code",
   "execution_count": 1,
   "metadata": {},
   "outputs": [],
   "source": [
    "import sys\n",
    "import pandas as pd\n",
    "\n",
    "sys.path.append('../src') \n",
    "from util import get_rcode_df\n",
    "from util import read_csv\n",
    "from es_client import *"
   ]
  },
  {
   "cell_type": "code",
   "execution_count": 2,
   "metadata": {},
   "outputs": [],
   "source": [
    "rcode_df = get_rcode_df('../data/road_code.csv')"
   ]
  },
  {
   "cell_type": "code",
   "execution_count": 3,
   "metadata": {},
   "outputs": [
    {
     "name": "stdout",
     "output_type": "stream",
     "text": [
      "     date    거래금액  건축년도     년  법정동     아파트   월      일   전용면적   지번   지역코드   층\n",
      "0  201209  47,500  2012  2012  단대동  단대푸르지오   9   1~10  84.70  100  41131   9\n",
      "1  201209  33,200  2012  2012  단대동  단대푸르지오   9   1~10  59.72  100  41131   1\n",
      "2  201209  32,300  2012  2012  단대동  단대푸르지오   9  11~20  59.97  100  41131   1\n",
      "3  201209  44,800  2012  2012  단대동  단대푸르지오   9  21~30  84.70  100  41131   2\n",
      "4  201210  47,500  2012  2012  단대동  단대푸르지오  10   1~10  84.70  100  41131  15\n",
      "5  201305  44,800  2012  2013  단대동  단대푸르지오   5   1~10  84.74  100  41131   2\n",
      "6  201306  43,900  2012  2013  단대동  단대푸르지오   6  11~20  84.70  100  41131   1\n",
      "7  201307  43,900  2012  2013  단대동  단대푸르지오   7   1~10  84.70  100  41131   1\n",
      "8  201309  43,500  2012  2013  단대동  단대푸르지오   9   1~10  84.74  100  41131   2\n",
      "9  201309  44,800  2012  2013  단대동  단대푸르지오   9  21~30  84.74  100  41131   2\n"
     ]
    }
   ],
   "source": [
    "es = ESClient() \n",
    "df = es._search_by_aptname('real-estate', \"단대푸르지오\") \n",
    "print (df) "
   ]
  },
  {
   "cell_type": "markdown",
   "metadata": {},
   "source": [
    "# 거래 데이터 + 메타 데이터 조인\n",
    "\n",
    "* 지역코드의 데이터 타입은 (int)로 자동으로 읽어옴 (pandas에서 dtype을 추론해서 가져옴)\n",
    "* rcode_df의 지역코드는 index로 이미 `util.get_rcode_df`에서 처리했음\n",
    "* 두개의 index를 기준으로 join"
   ]
  },
  {
   "cell_type": "code",
   "execution_count": 4,
   "metadata": {},
   "outputs": [
    {
     "data": {
      "text/plain": [
       "date      int64\n",
       "거래금액     object\n",
       "건축년도      int64\n",
       "년         int64\n",
       "법정동      object\n",
       "아파트      object\n",
       "월         int64\n",
       "일        object\n",
       "전용면적    float64\n",
       "지번       object\n",
       "층         int64\n",
       "dtype: object"
      ]
     },
     "execution_count": 4,
     "metadata": {},
     "output_type": "execute_result"
    }
   ],
   "source": [
    "df.set_index('지역코드').dtypes"
   ]
  },
  {
   "cell_type": "code",
   "execution_count": 5,
   "metadata": {},
   "outputs": [],
   "source": [
    "df['지역코드'] = df['지역코드'].astype(str)"
   ]
  },
  {
   "cell_type": "code",
   "execution_count": 6,
   "metadata": {},
   "outputs": [],
   "source": [
    "rcode_df.index = rcode_df.index.map(str)"
   ]
  },
  {
   "cell_type": "code",
   "execution_count": 7,
   "metadata": {},
   "outputs": [
    {
     "data": {
      "text/html": [
       "<div>\n",
       "<style scoped>\n",
       "    .dataframe tbody tr th:only-of-type {\n",
       "        vertical-align: middle;\n",
       "    }\n",
       "\n",
       "    .dataframe tbody tr th {\n",
       "        vertical-align: top;\n",
       "    }\n",
       "\n",
       "    .dataframe thead th {\n",
       "        text-align: right;\n",
       "    }\n",
       "</style>\n",
       "<table border=\"1\" class=\"dataframe\">\n",
       "  <thead>\n",
       "    <tr style=\"text-align: right;\">\n",
       "      <th></th>\n",
       "      <th>date</th>\n",
       "      <th>거래금액</th>\n",
       "      <th>건축년도</th>\n",
       "      <th>년</th>\n",
       "      <th>법정동</th>\n",
       "      <th>아파트</th>\n",
       "      <th>월</th>\n",
       "      <th>일</th>\n",
       "      <th>전용면적</th>\n",
       "      <th>지번</th>\n",
       "      <th>층</th>\n",
       "      <th>0</th>\n",
       "      <th>1</th>\n",
       "      <th>2</th>\n",
       "    </tr>\n",
       "  </thead>\n",
       "  <tbody>\n",
       "    <tr>\n",
       "      <th>41131</th>\n",
       "      <td>201209</td>\n",
       "      <td>47,500</td>\n",
       "      <td>2012</td>\n",
       "      <td>2012</td>\n",
       "      <td>단대동</td>\n",
       "      <td>단대푸르지오</td>\n",
       "      <td>9</td>\n",
       "      <td>1~10</td>\n",
       "      <td>84.70</td>\n",
       "      <td>100</td>\n",
       "      <td>9</td>\n",
       "      <td>경기도</td>\n",
       "      <td>성남시 수정구</td>\n",
       "      <td>창업로57번길</td>\n",
       "    </tr>\n",
       "    <tr>\n",
       "      <th>41131</th>\n",
       "      <td>201209</td>\n",
       "      <td>33,200</td>\n",
       "      <td>2012</td>\n",
       "      <td>2012</td>\n",
       "      <td>단대동</td>\n",
       "      <td>단대푸르지오</td>\n",
       "      <td>9</td>\n",
       "      <td>1~10</td>\n",
       "      <td>59.72</td>\n",
       "      <td>100</td>\n",
       "      <td>1</td>\n",
       "      <td>경기도</td>\n",
       "      <td>성남시 수정구</td>\n",
       "      <td>창업로57번길</td>\n",
       "    </tr>\n",
       "    <tr>\n",
       "      <th>41131</th>\n",
       "      <td>201209</td>\n",
       "      <td>32,300</td>\n",
       "      <td>2012</td>\n",
       "      <td>2012</td>\n",
       "      <td>단대동</td>\n",
       "      <td>단대푸르지오</td>\n",
       "      <td>9</td>\n",
       "      <td>11~20</td>\n",
       "      <td>59.97</td>\n",
       "      <td>100</td>\n",
       "      <td>1</td>\n",
       "      <td>경기도</td>\n",
       "      <td>성남시 수정구</td>\n",
       "      <td>창업로57번길</td>\n",
       "    </tr>\n",
       "    <tr>\n",
       "      <th>41131</th>\n",
       "      <td>201209</td>\n",
       "      <td>44,800</td>\n",
       "      <td>2012</td>\n",
       "      <td>2012</td>\n",
       "      <td>단대동</td>\n",
       "      <td>단대푸르지오</td>\n",
       "      <td>9</td>\n",
       "      <td>21~30</td>\n",
       "      <td>84.70</td>\n",
       "      <td>100</td>\n",
       "      <td>2</td>\n",
       "      <td>경기도</td>\n",
       "      <td>성남시 수정구</td>\n",
       "      <td>창업로57번길</td>\n",
       "    </tr>\n",
       "    <tr>\n",
       "      <th>41131</th>\n",
       "      <td>201210</td>\n",
       "      <td>47,500</td>\n",
       "      <td>2012</td>\n",
       "      <td>2012</td>\n",
       "      <td>단대동</td>\n",
       "      <td>단대푸르지오</td>\n",
       "      <td>10</td>\n",
       "      <td>1~10</td>\n",
       "      <td>84.70</td>\n",
       "      <td>100</td>\n",
       "      <td>15</td>\n",
       "      <td>경기도</td>\n",
       "      <td>성남시 수정구</td>\n",
       "      <td>창업로57번길</td>\n",
       "    </tr>\n",
       "    <tr>\n",
       "      <th>41131</th>\n",
       "      <td>201305</td>\n",
       "      <td>44,800</td>\n",
       "      <td>2012</td>\n",
       "      <td>2013</td>\n",
       "      <td>단대동</td>\n",
       "      <td>단대푸르지오</td>\n",
       "      <td>5</td>\n",
       "      <td>1~10</td>\n",
       "      <td>84.74</td>\n",
       "      <td>100</td>\n",
       "      <td>2</td>\n",
       "      <td>경기도</td>\n",
       "      <td>성남시 수정구</td>\n",
       "      <td>창업로57번길</td>\n",
       "    </tr>\n",
       "    <tr>\n",
       "      <th>41131</th>\n",
       "      <td>201306</td>\n",
       "      <td>43,900</td>\n",
       "      <td>2012</td>\n",
       "      <td>2013</td>\n",
       "      <td>단대동</td>\n",
       "      <td>단대푸르지오</td>\n",
       "      <td>6</td>\n",
       "      <td>11~20</td>\n",
       "      <td>84.70</td>\n",
       "      <td>100</td>\n",
       "      <td>1</td>\n",
       "      <td>경기도</td>\n",
       "      <td>성남시 수정구</td>\n",
       "      <td>창업로57번길</td>\n",
       "    </tr>\n",
       "    <tr>\n",
       "      <th>41131</th>\n",
       "      <td>201307</td>\n",
       "      <td>43,900</td>\n",
       "      <td>2012</td>\n",
       "      <td>2013</td>\n",
       "      <td>단대동</td>\n",
       "      <td>단대푸르지오</td>\n",
       "      <td>7</td>\n",
       "      <td>1~10</td>\n",
       "      <td>84.70</td>\n",
       "      <td>100</td>\n",
       "      <td>1</td>\n",
       "      <td>경기도</td>\n",
       "      <td>성남시 수정구</td>\n",
       "      <td>창업로57번길</td>\n",
       "    </tr>\n",
       "    <tr>\n",
       "      <th>41131</th>\n",
       "      <td>201309</td>\n",
       "      <td>43,500</td>\n",
       "      <td>2012</td>\n",
       "      <td>2013</td>\n",
       "      <td>단대동</td>\n",
       "      <td>단대푸르지오</td>\n",
       "      <td>9</td>\n",
       "      <td>1~10</td>\n",
       "      <td>84.74</td>\n",
       "      <td>100</td>\n",
       "      <td>2</td>\n",
       "      <td>경기도</td>\n",
       "      <td>성남시 수정구</td>\n",
       "      <td>창업로57번길</td>\n",
       "    </tr>\n",
       "    <tr>\n",
       "      <th>41131</th>\n",
       "      <td>201309</td>\n",
       "      <td>44,800</td>\n",
       "      <td>2012</td>\n",
       "      <td>2013</td>\n",
       "      <td>단대동</td>\n",
       "      <td>단대푸르지오</td>\n",
       "      <td>9</td>\n",
       "      <td>21~30</td>\n",
       "      <td>84.74</td>\n",
       "      <td>100</td>\n",
       "      <td>2</td>\n",
       "      <td>경기도</td>\n",
       "      <td>성남시 수정구</td>\n",
       "      <td>창업로57번길</td>\n",
       "    </tr>\n",
       "  </tbody>\n",
       "</table>\n",
       "</div>"
      ],
      "text/plain": [
       "         date    거래금액  건축년도     년  법정동     아파트   월      일   전용면적   지번   층  \\\n",
       "41131  201209  47,500  2012  2012  단대동  단대푸르지오   9   1~10  84.70  100   9   \n",
       "41131  201209  33,200  2012  2012  단대동  단대푸르지오   9   1~10  59.72  100   1   \n",
       "41131  201209  32,300  2012  2012  단대동  단대푸르지오   9  11~20  59.97  100   1   \n",
       "41131  201209  44,800  2012  2012  단대동  단대푸르지오   9  21~30  84.70  100   2   \n",
       "41131  201210  47,500  2012  2012  단대동  단대푸르지오  10   1~10  84.70  100  15   \n",
       "41131  201305  44,800  2012  2013  단대동  단대푸르지오   5   1~10  84.74  100   2   \n",
       "41131  201306  43,900  2012  2013  단대동  단대푸르지오   6  11~20  84.70  100   1   \n",
       "41131  201307  43,900  2012  2013  단대동  단대푸르지오   7   1~10  84.70  100   1   \n",
       "41131  201309  43,500  2012  2013  단대동  단대푸르지오   9   1~10  84.74  100   2   \n",
       "41131  201309  44,800  2012  2013  단대동  단대푸르지오   9  21~30  84.74  100   2   \n",
       "\n",
       "         0        1        2  \n",
       "41131  경기도  성남시 수정구  창업로57번길  \n",
       "41131  경기도  성남시 수정구  창업로57번길  \n",
       "41131  경기도  성남시 수정구  창업로57번길  \n",
       "41131  경기도  성남시 수정구  창업로57번길  \n",
       "41131  경기도  성남시 수정구  창업로57번길  \n",
       "41131  경기도  성남시 수정구  창업로57번길  \n",
       "41131  경기도  성남시 수정구  창업로57번길  \n",
       "41131  경기도  성남시 수정구  창업로57번길  \n",
       "41131  경기도  성남시 수정구  창업로57번길  \n",
       "41131  경기도  성남시 수정구  창업로57번길  "
      ]
     },
     "execution_count": 7,
     "metadata": {},
     "output_type": "execute_result"
    }
   ],
   "source": [
    "df.set_index('지역코드').join(rcode_df)"
   ]
  },
  {
   "cell_type": "markdown",
   "metadata": {},
   "source": [
    "# 전처리에 join_meta 를 추가\n",
    "\n",
    "* join 하기전에 데이터 타입 변환\n",
    "* 컬럼명 시/군/도로명/시군구를 추가"
   ]
  },
  {
   "cell_type": "code",
   "execution_count": 8,
   "metadata": {},
   "outputs": [],
   "source": [
    "from preprocessing import join_meta"
   ]
  },
  {
   "cell_type": "code",
   "execution_count": 9,
   "metadata": {},
   "outputs": [
    {
     "data": {
      "text/html": [
       "<div>\n",
       "<style scoped>\n",
       "    .dataframe tbody tr th:only-of-type {\n",
       "        vertical-align: middle;\n",
       "    }\n",
       "\n",
       "    .dataframe tbody tr th {\n",
       "        vertical-align: top;\n",
       "    }\n",
       "\n",
       "    .dataframe thead th {\n",
       "        text-align: right;\n",
       "    }\n",
       "</style>\n",
       "<table border=\"1\" class=\"dataframe\">\n",
       "  <thead>\n",
       "    <tr style=\"text-align: right;\">\n",
       "      <th></th>\n",
       "      <th>date</th>\n",
       "      <th>거래금액</th>\n",
       "      <th>건축년도</th>\n",
       "      <th>년</th>\n",
       "      <th>법정동</th>\n",
       "      <th>아파트</th>\n",
       "      <th>월</th>\n",
       "      <th>일</th>\n",
       "      <th>전용면적</th>\n",
       "      <th>지번</th>\n",
       "      <th>지역코드</th>\n",
       "      <th>층</th>\n",
       "      <th>시</th>\n",
       "      <th>구</th>\n",
       "      <th>도로명</th>\n",
       "      <th>시군구</th>\n",
       "    </tr>\n",
       "  </thead>\n",
       "  <tbody>\n",
       "    <tr>\n",
       "      <th>0</th>\n",
       "      <td>201209</td>\n",
       "      <td>47,500</td>\n",
       "      <td>2012</td>\n",
       "      <td>2012</td>\n",
       "      <td>단대동</td>\n",
       "      <td>단대푸르지오</td>\n",
       "      <td>9</td>\n",
       "      <td>1~10</td>\n",
       "      <td>84.70</td>\n",
       "      <td>100</td>\n",
       "      <td>41131</td>\n",
       "      <td>9</td>\n",
       "      <td>경기도</td>\n",
       "      <td>성남시 수정구</td>\n",
       "      <td>창업로57번길</td>\n",
       "      <td>경기도 성남시 수정구</td>\n",
       "    </tr>\n",
       "    <tr>\n",
       "      <th>1</th>\n",
       "      <td>201209</td>\n",
       "      <td>33,200</td>\n",
       "      <td>2012</td>\n",
       "      <td>2012</td>\n",
       "      <td>단대동</td>\n",
       "      <td>단대푸르지오</td>\n",
       "      <td>9</td>\n",
       "      <td>1~10</td>\n",
       "      <td>59.72</td>\n",
       "      <td>100</td>\n",
       "      <td>41131</td>\n",
       "      <td>1</td>\n",
       "      <td>경기도</td>\n",
       "      <td>성남시 수정구</td>\n",
       "      <td>창업로57번길</td>\n",
       "      <td>경기도 성남시 수정구</td>\n",
       "    </tr>\n",
       "    <tr>\n",
       "      <th>2</th>\n",
       "      <td>201209</td>\n",
       "      <td>32,300</td>\n",
       "      <td>2012</td>\n",
       "      <td>2012</td>\n",
       "      <td>단대동</td>\n",
       "      <td>단대푸르지오</td>\n",
       "      <td>9</td>\n",
       "      <td>11~20</td>\n",
       "      <td>59.97</td>\n",
       "      <td>100</td>\n",
       "      <td>41131</td>\n",
       "      <td>1</td>\n",
       "      <td>경기도</td>\n",
       "      <td>성남시 수정구</td>\n",
       "      <td>창업로57번길</td>\n",
       "      <td>경기도 성남시 수정구</td>\n",
       "    </tr>\n",
       "    <tr>\n",
       "      <th>3</th>\n",
       "      <td>201209</td>\n",
       "      <td>44,800</td>\n",
       "      <td>2012</td>\n",
       "      <td>2012</td>\n",
       "      <td>단대동</td>\n",
       "      <td>단대푸르지오</td>\n",
       "      <td>9</td>\n",
       "      <td>21~30</td>\n",
       "      <td>84.70</td>\n",
       "      <td>100</td>\n",
       "      <td>41131</td>\n",
       "      <td>2</td>\n",
       "      <td>경기도</td>\n",
       "      <td>성남시 수정구</td>\n",
       "      <td>창업로57번길</td>\n",
       "      <td>경기도 성남시 수정구</td>\n",
       "    </tr>\n",
       "    <tr>\n",
       "      <th>4</th>\n",
       "      <td>201210</td>\n",
       "      <td>47,500</td>\n",
       "      <td>2012</td>\n",
       "      <td>2012</td>\n",
       "      <td>단대동</td>\n",
       "      <td>단대푸르지오</td>\n",
       "      <td>10</td>\n",
       "      <td>1~10</td>\n",
       "      <td>84.70</td>\n",
       "      <td>100</td>\n",
       "      <td>41131</td>\n",
       "      <td>15</td>\n",
       "      <td>경기도</td>\n",
       "      <td>성남시 수정구</td>\n",
       "      <td>창업로57번길</td>\n",
       "      <td>경기도 성남시 수정구</td>\n",
       "    </tr>\n",
       "    <tr>\n",
       "      <th>5</th>\n",
       "      <td>201305</td>\n",
       "      <td>44,800</td>\n",
       "      <td>2012</td>\n",
       "      <td>2013</td>\n",
       "      <td>단대동</td>\n",
       "      <td>단대푸르지오</td>\n",
       "      <td>5</td>\n",
       "      <td>1~10</td>\n",
       "      <td>84.74</td>\n",
       "      <td>100</td>\n",
       "      <td>41131</td>\n",
       "      <td>2</td>\n",
       "      <td>경기도</td>\n",
       "      <td>성남시 수정구</td>\n",
       "      <td>창업로57번길</td>\n",
       "      <td>경기도 성남시 수정구</td>\n",
       "    </tr>\n",
       "    <tr>\n",
       "      <th>6</th>\n",
       "      <td>201306</td>\n",
       "      <td>43,900</td>\n",
       "      <td>2012</td>\n",
       "      <td>2013</td>\n",
       "      <td>단대동</td>\n",
       "      <td>단대푸르지오</td>\n",
       "      <td>6</td>\n",
       "      <td>11~20</td>\n",
       "      <td>84.70</td>\n",
       "      <td>100</td>\n",
       "      <td>41131</td>\n",
       "      <td>1</td>\n",
       "      <td>경기도</td>\n",
       "      <td>성남시 수정구</td>\n",
       "      <td>창업로57번길</td>\n",
       "      <td>경기도 성남시 수정구</td>\n",
       "    </tr>\n",
       "    <tr>\n",
       "      <th>7</th>\n",
       "      <td>201307</td>\n",
       "      <td>43,900</td>\n",
       "      <td>2012</td>\n",
       "      <td>2013</td>\n",
       "      <td>단대동</td>\n",
       "      <td>단대푸르지오</td>\n",
       "      <td>7</td>\n",
       "      <td>1~10</td>\n",
       "      <td>84.70</td>\n",
       "      <td>100</td>\n",
       "      <td>41131</td>\n",
       "      <td>1</td>\n",
       "      <td>경기도</td>\n",
       "      <td>성남시 수정구</td>\n",
       "      <td>창업로57번길</td>\n",
       "      <td>경기도 성남시 수정구</td>\n",
       "    </tr>\n",
       "    <tr>\n",
       "      <th>8</th>\n",
       "      <td>201309</td>\n",
       "      <td>43,500</td>\n",
       "      <td>2012</td>\n",
       "      <td>2013</td>\n",
       "      <td>단대동</td>\n",
       "      <td>단대푸르지오</td>\n",
       "      <td>9</td>\n",
       "      <td>1~10</td>\n",
       "      <td>84.74</td>\n",
       "      <td>100</td>\n",
       "      <td>41131</td>\n",
       "      <td>2</td>\n",
       "      <td>경기도</td>\n",
       "      <td>성남시 수정구</td>\n",
       "      <td>창업로57번길</td>\n",
       "      <td>경기도 성남시 수정구</td>\n",
       "    </tr>\n",
       "    <tr>\n",
       "      <th>9</th>\n",
       "      <td>201309</td>\n",
       "      <td>44,800</td>\n",
       "      <td>2012</td>\n",
       "      <td>2013</td>\n",
       "      <td>단대동</td>\n",
       "      <td>단대푸르지오</td>\n",
       "      <td>9</td>\n",
       "      <td>21~30</td>\n",
       "      <td>84.74</td>\n",
       "      <td>100</td>\n",
       "      <td>41131</td>\n",
       "      <td>2</td>\n",
       "      <td>경기도</td>\n",
       "      <td>성남시 수정구</td>\n",
       "      <td>창업로57번길</td>\n",
       "      <td>경기도 성남시 수정구</td>\n",
       "    </tr>\n",
       "  </tbody>\n",
       "</table>\n",
       "</div>"
      ],
      "text/plain": [
       "     date    거래금액  건축년도     년  법정동     아파트   월      일   전용면적   지번   지역코드   층  \\\n",
       "0  201209  47,500  2012  2012  단대동  단대푸르지오   9   1~10  84.70  100  41131   9   \n",
       "1  201209  33,200  2012  2012  단대동  단대푸르지오   9   1~10  59.72  100  41131   1   \n",
       "2  201209  32,300  2012  2012  단대동  단대푸르지오   9  11~20  59.97  100  41131   1   \n",
       "3  201209  44,800  2012  2012  단대동  단대푸르지오   9  21~30  84.70  100  41131   2   \n",
       "4  201210  47,500  2012  2012  단대동  단대푸르지오  10   1~10  84.70  100  41131  15   \n",
       "5  201305  44,800  2012  2013  단대동  단대푸르지오   5   1~10  84.74  100  41131   2   \n",
       "6  201306  43,900  2012  2013  단대동  단대푸르지오   6  11~20  84.70  100  41131   1   \n",
       "7  201307  43,900  2012  2013  단대동  단대푸르지오   7   1~10  84.70  100  41131   1   \n",
       "8  201309  43,500  2012  2013  단대동  단대푸르지오   9   1~10  84.74  100  41131   2   \n",
       "9  201309  44,800  2012  2013  단대동  단대푸르지오   9  21~30  84.74  100  41131   2   \n",
       "\n",
       "     시        구      도로명          시군구  \n",
       "0  경기도  성남시 수정구  창업로57번길  경기도 성남시 수정구  \n",
       "1  경기도  성남시 수정구  창업로57번길  경기도 성남시 수정구  \n",
       "2  경기도  성남시 수정구  창업로57번길  경기도 성남시 수정구  \n",
       "3  경기도  성남시 수정구  창업로57번길  경기도 성남시 수정구  \n",
       "4  경기도  성남시 수정구  창업로57번길  경기도 성남시 수정구  \n",
       "5  경기도  성남시 수정구  창업로57번길  경기도 성남시 수정구  \n",
       "6  경기도  성남시 수정구  창업로57번길  경기도 성남시 수정구  \n",
       "7  경기도  성남시 수정구  창업로57번길  경기도 성남시 수정구  \n",
       "8  경기도  성남시 수정구  창업로57번길  경기도 성남시 수정구  \n",
       "9  경기도  성남시 수정구  창업로57번길  경기도 성남시 수정구  "
      ]
     },
     "execution_count": 9,
     "metadata": {},
     "output_type": "execute_result"
    }
   ],
   "source": [
    "join_meta(df, rcode_df)"
   ]
  },
  {
   "cell_type": "code",
   "execution_count": null,
   "metadata": {},
   "outputs": [],
   "source": []
  }
 ],
 "metadata": {
  "kernelspec": {
   "display_name": "Python 3",
   "language": "python",
   "name": "python3"
  },
  "language_info": {
   "codemirror_mode": {
    "name": "ipython",
    "version": 3
   },
   "file_extension": ".py",
   "mimetype": "text/x-python",
   "name": "python",
   "nbconvert_exporter": "python",
   "pygments_lexer": "ipython3",
   "version": "3.6.7"
  }
 },
 "nbformat": 4,
 "nbformat_minor": 2
}
